{
  "model_name": "pruned",
  "model_size_mb": 347.10778045654297,
  "device": "cuda:0",
  "inference_time_in_s": "159.372",
  "evaluation_results": {
    "bleu_1": 0.6091301191161492,
    "bleu_2": 0.4052083654430737,
    "bleu_3": 0.27002394244817407,
    "bleu_4": 0.17505485256827633,
    "meteor": 0.18406940228323204,
    "rouge_l": 0.3937017815543435,
    "sbert_sim": 0.49724481393222175,
    "fer": 0.0028708133971291866,
    "fense": 0.4957344277703947,
    "cider_d": 0.4628373355242748,
    "spice": 0.12829454878294322,
    "spider": 0.295565942153609,
    "fer.add_tail_prob": 0.046014588326215744,
    "fer.repeat_event_prob": 0.07561535388231277,
    "fer.repeat_adv_prob": 0.0019454235443845391,
    "fer.remove_conj_prob": 0.11446961760520935,
    "fer.remove_verb_prob": 0.23421360552310944,
    "fer.error_prob": 0.34474238753318787,
    "spider_fl": 0.2948934660486319,
    "vocab.cands": 453.0,
    "vocab.mrefs_full": 3516.0,
    "vocab.ratio_full": 0.128839590443686,
    "vocab.mrefs_avg": 1837.4,
    "vocab.ratio_avg": 0.24654402960705343,
    "bert_score.precision": 0.9779379367828369,
    "bert_score.recall": 0.9769051671028137,
    "bert_score.f1": 0.9765293002128601
  }
}